@catchability SimAbundanceNumberSurvey_q
type free
q 1

@observation SimulatedAbundanceNumber
type abundance
categories some_species
time_step September-December
catchability SimAbundanceNumberSurvey_q
selectivities One
likelihood normal
years 1970:1989
obs 1103442.191 1130057.974 536256.976 889520.212 718569.912 971073.67 1044703.197 428117.332 314663.825 373351.089 909318.275 980019.859 578235.81 851942.636 380603.992 622732.459 833851.394 1040425.106 739244.214 350283.783
error_value 0 0 0 0 0 0 0 0 0 0 0 0 0 0 0 0 0 0 0 0
time_step_proportion 1.0
process_error 1e-3

@observation some_species_agefreq
type proportions_at_age
categories some_species
min_age 1
max_age 12 
selectivities One
years 1970:1989
plus_group false
time_step May-August
likelihood multinomial
table obs
1970 0.332416 0.222825 0.149364 0.100122 0.067114 0.044988 0.030156 0.020214 0.01355 0.009083 0.006088 0.004081
1971 0.547758 0.150948 0.101184 0.067825 0.045465 0.030476 0.020429 0.013694 0.009179 0.006153 0.004124 0.002765
1972 0.54152 0.251833 0.069399 0.046519 0.031183 0.020902 0.014011 0.009392 0.006296 0.00422 0.002829 0.001896
1973 0.713205 0.1556 0.072362 0.019941 0.013367 0.00896 0.006006 0.004026 0.002699 0.001809 0.001213 0.000813
1974 0.599612 0.285791 0.062351 0.028996 0.007991 0.005356 0.00359 0.002407 0.001613 0.001081 0.000725 0.000486
1975 0.649522 0.210253 0.100212 0.021863 0.010167 0.002802 0.001878 0.001259 0.000844 0.000566 0.000379 0.000254
1976 0.578244 0.27401 0.088698 0.042276 0.009223 0.004289 0.001182 0.000792 0.000531 0.000356 0.000239 0.00016
1977 0.560302 0.254293 0.120501 0.039006 0.018592 0.004056 0.001886 0.00052 0.000348 0.000234 0.000157 0.000105
1978 0.756655 0.136361 0.061888 0.029326 0.009493 0.004525 0.000987 0.000459 0.000127 8.5e-05 5.7e-05 3.8e-05
1979 0.808803 0.144676 0.026073 0.011833 0.005607 0.001815 0.000865 0.000189 8.8e-05 2.4e-05 1.6e-05 1.1e-05
1980 0.78095 0.17717 0.031692 0.005711 0.002592 0.001228 0.000398 0.00019 4.1e-05 1.9e-05 5e-06 4e-06
1981 0.59412 0.316973 0.07191 0.012863 0.002318 0.001052 0.000499 0.000161 7.7e-05 1.7e-05 8e-06 2e-06
1982 0.575944 0.251941 0.134414 0.030494 0.005455 0.000983 0.000446 0.000211 6.8e-05 3.3e-05 7e-06 3e-06
1983 0.697145 0.174428 0.076302 0.040708 0.009235 0.001652 0.000298 0.000135 6.4e-05 2.1e-05 1e-05 2e-06
1984 0.609735 0.272072 0.068073 0.029778 0.015887 0.003604 0.000645 0.000116 5.3e-05 2.5e-05 8e-06 4e-06
1985 0.777639 0.135582 0.060498 0.015137 0.006621 0.003533 0.000801 0.000143 2.6e-05 1.2e-05 6e-06 2e-06
1986 0.681267 0.247859 0.043214 0.019283 0.004825 0.00211 0.001126 0.000255 4.6e-05 8e-06 4e-06 2e-06
1987 0.614831 0.262404 0.095468 0.016645 0.007427 0.001858 0.000813 0.000434 9.8e-05 1.8e-05 3e-06 1e-06
1988 0.561274 0.269743 0.115124 0.041884 0.007303 0.003258 0.000815 0.000357 0.00019 4.3e-05 8e-06 1e-06
1989 0.642927 0.200416 0.096318 0.041108 0.014956 0.002608 0.001164 0.000291 0.000127 6.8e-05 1.5e-05 3e-06
end_table

table error_values
1970 0
1971 0
1972 0
1973 0
1974 0
1975 0
1976 0
1977 0
1978 0
1979 0
1980 0
1981 0
1982 0
1983 0
1984 0
1985 0
1986 0
1987 0
1988 0
1989 0
end_table
