@catchability SimAbundanceNumberSurvey_q
type free
q 1

@observation SimulatedAbundanceNumber
type abundance
categories some_species
time_step September-December
catchability SimAbundanceNumberSurvey_q
selectivities One
likelihood normal
years 1970:1989
obs 5388279.241 4373853.651 4085094.264 3562343.406 4525803.924 3948540.079 4726197.642 3752986.599 2795360.986 1286945.22 1624231.345 2261957.999 3724729.082 4568737.827 2840641.411 3650386.741 1922639.891 3275486.149 2042563.451 3442981.486
error_value 0 0 0 0 0 0 0 0 0 0 0 0 0 0 0 0 0 0 0 0
time_step_proportion 1.0
process_error 1e-3

@observation some_species_agefreq
type proportions_at_age
categories some_species
min_age 1
max_age 12 
selectivities One
years 1970:1989
plus_group false
time_step May-August
likelihood multinomial
table obs
1970 0.332416 0.222825 0.149364 0.100122 0.067114 0.044988 0.030156 0.020214 0.01355 0.009083 0.006088 0.004081
1971 0.523485 0.15905 0.106614 0.071466 0.047905 0.032112 0.021525 0.014429 0.009672 0.006483 0.004346 0.002913
1972 0.57479 0.223242 0.067827 0.045466 0.030477 0.020429 0.013694 0.009179 0.006153 0.004125 0.002765 0.001853
1973 0.591135 0.235448 0.091445 0.027784 0.018624 0.012484 0.008368 0.005609 0.00376 0.00252 0.00169 0.001133
1974 0.623601 0.222755 0.088723 0.034459 0.01047 0.007018 0.004704 0.003153 0.002114 0.001417 0.00095 0.000637
1975 0.565862 0.270901 0.096768 0.038542 0.014969 0.004548 0.003049 0.002044 0.00137 0.000918 0.000616 0.000413
1976 0.598979 0.227016 0.108682 0.038822 0.015463 0.006006 0.001825 0.001223 0.00082 0.00055 0.000368 0.000247
1977 0.555094 0.266555 0.101026 0.048365 0.017276 0.006881 0.002673 0.000812 0.000544 0.000365 0.000245 0.000164
1978 0.611057 0.215935 0.103692 0.0393 0.018814 0.006721 0.002677 0.00104 0.000316 0.000212 0.000142 9.5e-05
1979 0.678368 0.196554 0.069458 0.033354 0.012641 0.006052 0.002162 0.000861 0.000334 0.000102 6.8e-05 4.6e-05
1980 0.820821 0.121555 0.03522 0.012446 0.005977 0.002265 0.001084 0.000387 0.000154 6e-05 1.8e-05 1.2e-05
1981 0.783999 0.1773 0.026256 0.007608 0.002688 0.001291 0.000489 0.000234 8.4e-05 3.3e-05 1.3e-05 4e-06
1982 0.722705 0.2174 0.049165 0.007281 0.00211 0.000745 0.000358 0.000136 6.5e-05 2.3e-05 9e-06 4e-06
1983 0.612814 0.279822 0.084174 0.019036 0.002819 0.000817 0.000289 0.000139 5.3e-05 2.5e-05 9e-06 4e-06
1984 0.563386 0.267564 0.122175 0.036752 0.008311 0.001231 0.000357 0.000126 6.1e-05 2.3e-05 1.1e-05 4e-06
1985 0.674832 0.183196 0.087004 0.039728 0.011951 0.002703 4e-04 0.000116 4.1e-05 2e-05 7e-06 4e-06
1986 0.617587 0.258066 0.070057 0.033272 0.015192 0.00457 0.001034 0.000153 4.4e-05 1.6e-05 8e-06 3e-06
1987 0.754072 0.151882 0.063466 0.017229 0.008182 0.003736 0.001124 0.000254 3.8e-05 1.1e-05 4e-06 2e-06
1988 0.642833 0.26933 0.054247 0.022668 0.006154 0.002922 0.001334 0.000401 9.1e-05 1.3e-05 4e-06 1e-06
1989 0.74268 0.165414 0.069304 0.013959 0.005833 0.001583 0.000752 0.000343 0.000103 2.3e-05 3e-06 1e-06
end_table

table error_values
1970 0
1971 0
1972 0
1973 0
1974 0
1975 0
1976 0
1977 0
1978 0
1979 0
1980 0
1981 0
1982 0
1983 0
1984 0
1985 0
1986 0
1987 0
1988 0
1989 0
end_table
