@catchability SimAbundanceNumberSurvey_q
type free
q 1

@observation SimulatedAbundanceNumber
type abundance
categories some_species
time_step September-December
catchability SimAbundanceNumberSurvey_q
selectivities One
likelihood normal
years 1970:1989
obs 2620326.924 3258763.197 2126355.454 1785041.837 1906669.202 1755731.515 2634679.714 2640311.994 2653855.092 2622089.657 1393089.758 1773549.709 3091016.104 1994191.935 2083026.143 2555656.671 1971976.755 1504286.083 2129229.085 2531227.726
error_value 0 0 0 0 0 0 0 0 0 0 0 0 0 0 0 0 0 0 0 0
time_step_proportion 1.0
process_error 1e-3

@observation some_species_agefreq
type proportions_at_age
categories some_species
min_age 1
max_age 12 
selectivities One
years 1970:1989
plus_group false
time_step May-August
likelihood multinomial
table obs
1970 0.332416 0.222825 0.149364 0.100122 0.067114 0.044988 0.030156 0.020214 0.01355 0.009083 0.006088 0.004081
1971 0.620896 0.126536 0.08482 0.056856 0.038112 0.025547 0.017125 0.011479 0.007695 0.005158 0.003457 0.002318
1972 0.567961 0.268875 0.054796 0.036731 0.024621 0.016504 0.011063 0.007416 0.004971 0.003332 0.002234 0.001497
1973 0.668111 0.188783 0.08937 0.018213 0.012209 0.008184 0.005486 0.003677 0.002465 0.001652 0.001108 0.000742
1974 0.705549 0.196872 0.055629 0.026335 0.005367 0.003598 0.002412 0.001616 0.001084 0.000726 0.000487 0.000326
1975 0.691583 0.217674 0.060738 0.017162 0.008125 0.001656 0.00111 0.000744 0.000499 0.000334 0.000224 0.00015
1976 0.708855 0.201381 0.063384 0.017686 0.004997 0.002366 0.000482 0.000323 0.000217 0.000145 9.7e-05 6.5e-05
1977 0.618661 0.270332 0.0768 0.024173 0.006745 0.001906 0.000902 0.000184 0.000123 8.3e-05 5.5e-05 3.7e-05
1978 0.61815 0.236244 0.10323 0.029327 0.009231 0.002576 0.000728 0.000345 7e-05 4.7e-05 3.2e-05 2.1e-05
1979 0.616938 0.236795 0.090498 0.039544 0.011234 0.003536 0.000987 0.000279 0.000132 2.7e-05 1.8e-05 1.2e-05
1980 0.619778 0.234576 0.090036 0.03441 0.015036 0.004272 0.001344 0.000375 0.000106 5e-05 1e-05 7e-06
1981 0.754183 0.152353 0.057663 0.022133 0.008459 0.003696 0.00105 0.00033 9.2e-05 2.6e-05 1.2e-05 3e-06
1982 0.706736 0.221175 0.04468 0.016911 0.006491 0.002481 0.001084 0.000308 9.7e-05 2.7e-05 8e-06 4e-06
1983 0.580315 0.296607 0.092824 0.018752 0.007097 0.002724 0.001041 0.000455 0.000129 4.1e-05 1.1e-05 3e-06
1984 0.681859 0.184623 0.094363 0.029531 0.005966 0.002258 0.000867 0.000331 0.000145 4.1e-05 1.3e-05 4e-06
1985 0.672331 0.223425 0.060495 0.03092 0.009677 0.001955 0.00074 0.000284 0.000109 4.7e-05 1.3e-05 4e-06
1986 0.625804 0.251584 0.083605 0.022637 0.01157 0.003621 0.000731 0.000277 0.000106 4.1e-05 1.8e-05 5e-06
1987 0.684285 0.197577 0.079429 0.026396 0.007147 0.003653 0.001143 0.000231 8.7e-05 3.4e-05 1.3e-05 6e-06
1988 0.739669 0.178141 0.051436 0.020678 0.006872 0.001861 0.000951 0.000298 6e-05 2.3e-05 9e-06 3e-06
1989 0.667479 0.245956 0.059236 0.017103 0.006876 0.002285 0.000619 0.000316 9.9e-05 2e-05 8e-06 3e-06
end_table

table error_values
1970 0
1971 0
1972 0
1973 0
1974 0
1975 0
1976 0
1977 0
1978 0
1979 0
1980 0
1981 0
1982 0
1983 0
1984 0
1985 0
1986 0
1987 0
1988 0
1989 0
end_table
