@catchability SimAbundanceNumberSurvey_q
type free
q 1

@observation SimulatedAbundanceNumber
type abundance
categories some_species
time_step September-December
catchability SimAbundanceNumberSurvey_q
selectivities One
likelihood normal
years 1970:1989
obs 1787027.64 1644228.508 1590052.18 1563346.204 656147.069 274952.552 380890.747 423048.75 945231.837 945273.795 586949.98 441939.264 610256.244 564351.236 291207.907 287843.096 364314.835 490868.831 756869.518 424930.096
error_value 0 0 0 0 0 0 0 0 0 0 0 0 0 0 0 0 0 0 0 0
time_step_proportion 1.0
process_error 1e-3

@observation some_species_agefreq
type proportions_at_age
categories some_species
min_age 1
max_age 12 
selectivities One
years 1970:1989
plus_group false
time_step May-August
likelihood multinomial
table obs
1970 0.332416 0.222825 0.149364 0.100122 0.067114 0.044988 0.030156 0.020214 0.01355 0.009083 0.006088 0.004081
1971 0.434189 0.188855 0.126593 0.084858 0.056882 0.038129 0.025559 0.017133 0.011484 0.007698 0.00516 0.003459
1972 0.454595 0.237631 0.10336 0.069284 0.046443 0.031131 0.020868 0.013988 0.009377 0.006285 0.004213 0.002824
1973 0.462756 0.24492 0.128027 0.055687 0.037328 0.025022 0.016773 0.011243 0.007536 0.005052 0.003386 0.00227
1974 0.466831 0.247288 0.130881 0.068416 0.029758 0.019947 0.013371 0.008963 0.006008 0.004027 0.0027 0.00181
1975 0.675872 0.151587 0.080298 0.042499 0.022216 0.009663 0.006477 0.004342 0.00291 0.001951 0.001308 0.000877
1976 0.832538 0.113283 0.025407 0.013459 0.007123 0.003724 0.00162 0.001086 0.000728 0.000488 0.000327 0.000219
1977 0.781964 0.181563 0.024705 0.005541 0.002935 0.001553 0.000812 0.000353 0.000237 0.000159 0.000106 7.1e-05
1978 0.763511 0.184939 0.042941 0.005843 0.00131 0.000694 0.000367 0.000192 8.4e-05 5.6e-05 3.8e-05 2.5e-05
1979 0.590984 0.312296 0.075645 0.017564 0.00239 0.000536 0.000284 0.00015 7.9e-05 3.4e-05 2.3e-05 1.5e-05
1980 0.590971 0.241733 0.12774 0.030941 0.007184 0.000978 0.000219 0.000116 6.1e-05 3.2e-05 1.4e-05 9e-06
1981 0.699414 0.177639 0.072662 0.038397 0.009301 0.00216 0.000294 6.6e-05 3.5e-05 1.8e-05 1e-05 4e-06
1982 0.75552 0.170994 0.043429 0.017765 0.009387 0.002274 0.000528 7.2e-05 1.6e-05 9e-06 5e-06 2e-06
1983 0.691163 0.233333 0.052809 0.013413 0.005486 0.002899 0.000702 0.000163 2.2e-05 5e-06 3e-06 1e-06
1984 0.707602 0.202095 0.068226 0.015441 0.003922 0.001604 0.000848 0.000205 4.8e-05 6e-06 1e-06 1e-06
1985 0.824249 0.124362 0.035518 0.011991 0.002714 0.000689 0.000282 0.000149 3.6e-05 8e-06 1e-06 0
1986 0.825926 0.14348 0.021648 0.006183 0.002087 0.000472 0.00012 4.9e-05 2.6e-05 6e-06 1e-06 0
1987 0.789418 0.173925 0.030214 0.004559 0.001302 0.00044 9.9e-05 2.5e-05 1e-05 5e-06 1e-06 0
1988 0.735608 0.208716 0.045984 0.007988 0.001205 0.000344 0.000116 2.6e-05 7e-06 3e-06 1e-06 0
1989 0.643423 0.262301 0.074423 0.016397 0.002848 0.00043 0.000123 4.1e-05 9e-06 2e-06 1e-06 1e-06
end_table

table error_values
1970 0
1971 0
1972 0
1973 0
1974 0
1975 0
1976 0
1977 0
1978 0
1979 0
1980 0
1981 0
1982 0
1983 0
1984 0
1985 0
1986 0
1987 0
1988 0
1989 0
end_table
