@catchability SimAbundanceNumberSurvey_q
type free
q 1

@observation SimulatedAbundanceNumber
type abundance
categories some_species
time_step September-December
catchability SimAbundanceNumberSurvey_q
selectivities One
likelihood normal
years 1970:1989
obs 7430424.348 4687356.44 2158797.22 3541434.191 3642958.159 3546997.615 4932168.516 4651438.079 4797334.598 3748686.895 3939867.222 4897377.659 4493581.109 5154030.141 4093609.275 4360178.446 4313041.608 2330205.298 2702368.752 2128038.811
error_value 0 0 0 0 0 0 0 0 0 0 0 0 0 0 0 0 0 0 0 0
time_step_proportion 1.0
process_error 1e-3

@observation some_species_agefreq
type proportions_at_age
categories some_species
min_age 1
max_age 12 
selectivities One
years 1970:1989
plus_group false
time_step May-August
likelihood multinomial
table obs
1970 0.332416 0.222825 0.149364 0.100122 0.067114 0.044988 0.030156 0.020214 0.01355 0.009083 0.006088 0.004081
1971 0.465967 0.178248 0.119483 0.080092 0.053687 0.035988 0.024123 0.01617 0.010839 0.007266 0.00487 0.003265
1972 0.58019 0.196259 0.075076 0.050325 0.033734 0.022612 0.015157 0.01016 0.006811 0.004565 0.00306 0.002051
1973 0.74982 0.14545 0.049201 0.018821 0.012616 0.008457 0.005669 0.0038 0.002547 0.001707 0.001145 0.000767
1974 0.645974 0.26566 0.051533 0.017432 0.006668 0.00447 0.002996 0.002008 0.001346 0.000902 0.000605 0.000405
1975 0.6394 0.233033 0.095836 0.01859 0.006288 0.002406 0.001612 0.001081 0.000725 0.000486 0.000326 0.000218
1976 0.645489 0.226724 0.082631 0.033982 0.006592 0.00223 0.000853 0.000572 0.000383 0.000257 0.000172 0.000115
1977 0.566967 0.27955 0.09819 0.035786 0.014717 0.002855 0.000966 0.000369 0.000248 0.000166 0.000111 7.5e-05
1978 0.581285 0.237416 0.117061 0.041117 0.014985 0.006163 0.001195 0.000404 0.000155 0.000104 7e-05 4.7e-05
1979 0.573743 0.247788 0.101205 0.0499 0.017527 0.006388 0.002627 0.00051 0.000172 6.6e-05 4.4e-05 3e-05
1980 0.63269 0.210748 0.091018 0.037175 0.018329 0.006438 0.002346 0.000965 0.000187 6.3e-05 2.4e-05 1.6e-05
1981 0.621053 0.23976 0.079863 0.034491 0.014087 0.006946 0.00244 0.000889 0.000366 7.1e-05 2.4e-05 9e-06
1982 0.568678 0.267876 0.103415 0.034447 0.014877 0.006076 0.002996 0.001052 0.000384 0.000158 3.1e-05 1e-05
1983 0.589648 0.233361 0.109925 0.042437 0.014136 0.006105 0.002493 0.001229 0.000432 0.000157 6.5e-05 1.3e-05
1984 0.556109 0.261743 0.103588 0.048795 0.018838 0.006275 0.00271 0.001107 0.000546 0.000192 7e-05 2.9e-05
1985 0.612006 0.215773 0.101558 0.040193 0.018933 0.007309 0.002435 0.001051 0.000429 0.000212 7.4e-05 2.7e-05
1986 0.596924 0.246692 0.086975 0.040937 0.016201 0.007632 0.002946 0.000981 0.000424 0.000173 8.5e-05 3e-05
1987 0.599537 0.239053 0.098794 0.034831 0.016394 0.006488 0.003056 0.00118 0.000393 0.00017 6.9e-05 3.4e-05
1988 0.734822 0.158989 0.063394 0.026199 0.009237 0.004347 0.001721 0.00081 0.000313 0.000104 4.5e-05 1.8e-05
1989 0.704962 0.216804 0.046909 0.018704 0.00773 0.002725 0.001283 0.000508 0.000239 9.2e-05 3.1e-05 1.3e-05
end_table

table error_values
1970 0
1971 0
1972 0
1973 0
1974 0
1975 0
1976 0
1977 0
1978 0
1979 0
1980 0
1981 0
1982 0
1983 0
1984 0
1985 0
1986 0
1987 0
1988 0
1989 0
end_table
