@catchability SimAbundanceNumberSurvey_q
type free
q 1

@observation SimulatedAbundanceNumber
type abundance
categories some_species
time_step September-December
catchability SimAbundanceNumberSurvey_q
selectivities One
likelihood normal
years 1970:1989
obs 9305363.56 5916783.368 8027340.398 9017420.065 8180671.952 4445101.747 2763555.84 6759465.856 7000211.269 2364089.506 3152980.026 4749021.475 6721242.802 2470912.623 2419176.175 5015185.413 6633203.167 6323288.372 5633790.786 6854869.591
error_value 0 0 0 0 0 0 0 0 0 0 0 0 0 0 0 0 0 0 0 0
time_step_proportion 1.0
process_error 1e-3

@observation some_species_agefreq
type proportions_at_age
categories some_species
min_age 1
max_age 12 
selectivities One
years 1970:1989
plus_group false
time_step May-August
likelihood multinomial
table obs
1970 0.332416 0.222825 0.149364 0.100122 0.067114 0.044988 0.030156 0.020214 0.01355 0.009083 0.006088 0.004081
1971 0.518789 0.160617 0.107665 0.07217 0.048377 0.032428 0.021737 0.014571 0.009767 0.006547 0.004389 0.002942
1972 0.628747 0.19317 0.059806 0.040089 0.026872 0.018013 0.012075 0.008094 0.005425 0.003637 0.002438 0.001634
1973 0.554897 0.280316 0.086121 0.026663 0.017873 0.011981 0.008031 0.005383 0.003608 0.002419 0.001621 0.001087
1974 0.525883 0.263372 0.133047 0.040876 0.012655 0.008483 0.005686 0.003812 0.002555 0.001713 0.001148 0.00077
1975 0.550005 0.236827 0.118608 0.059917 0.018408 0.005699 0.00382 0.002561 0.001717 0.001151 0.000771 0.000517
1976 0.692197 0.169381 0.072934 0.036527 0.018452 0.005669 0.001755 0.001177 0.000789 0.000529 0.000354 0.000238
1977 0.78337 0.149986 0.036702 0.015803 0.007915 0.003998 0.001228 0.00038 0.000255 0.000171 0.000115 7.7e-05
1978 0.596482 0.316128 0.060527 0.014811 0.006377 0.003194 0.001613 0.000496 0.000153 0.000103 6.9e-05 4.6e-05
1979 0.588023 0.245748 0.130244 0.024937 0.006102 0.002627 0.001316 0.000665 0.000204 6.3e-05 4.2e-05 2.8e-05
1980 0.80866 0.112515 0.047023 0.024921 0.004772 0.001168 0.000503 0.000252 0.000127 3.9e-05 1.2e-05 8e-06
1981 0.760123 0.193981 0.02699 0.01128 0.005978 0.001145 0.00028 0.000121 6e-05 3.1e-05 9e-06 3e-06
1982 0.677817 0.244899 0.062497 0.008696 0.003634 0.001926 0.000369 9e-05 3.9e-05 1.9e-05 1e-05 3e-06
1983 0.597828 0.2726 0.098492 0.025135 0.003497 0.001462 0.000775 0.000148 3.6e-05 1.6e-05 8e-06 4e-06
1984 0.801725 0.118535 0.05405 0.019529 0.004984 0.000693 0.00029 0.000154 2.9e-05 7e-06 3e-06 2e-06
1985 0.805067 0.156283 0.023106 0.010536 0.003807 0.000971 0.000135 5.6e-05 3e-05 6e-06 1e-06 1e-06
1986 0.665794 0.269058 0.052231 0.007722 0.003521 0.001272 0.000325 4.5e-05 1.9e-05 1e-05 2e-06 0
1987 0.600994 0.265656 0.107356 0.02084 0.003081 0.001405 0.000508 0.00013 1.8e-05 8e-06 4e-06 1e-06
1988 0.61241 0.232939 0.102966 0.04161 0.008078 0.001194 0.000545 0.000197 5e-05 7e-06 3e-06 2e-06
1989 0.639435 0.220814 0.08399 0.037126 0.015003 0.002912 0.000431 0.000196 7.1e-05 1.8e-05 3e-06 1e-06
end_table

table error_values
1970 0
1971 0
1972 0
1973 0
1974 0
1975 0
1976 0
1977 0
1978 0
1979 0
1980 0
1981 0
1982 0
1983 0
1984 0
1985 0
1986 0
1987 0
1988 0
1989 0
end_table
