@catchability SimAbundanceNumberSurvey_q
type free
q 1

@observation SimulatedAbundanceNumber
type abundance
categories some_species
time_step September-December
catchability SimAbundanceNumberSurvey_q
selectivities One
likelihood normal
years 1970:1989
obs 7795557.842 6856730.024 7509634.971 5319978.307 6540674.734 2525956.256 4966372.939 6175744.459 5945575.883 2797921.032 4841244.356 1804036.831 3774072.554 1596337.2 2482994.332 4749830.641 3967043.928 4834439.416 6165200.927 4728459.832
error_value 0 0 0 0 0 0 0 0 0 0 0 0 0 0 0 0 0 0 0 0
time_step_proportion 1.0
process_error 1e-3

@observation some_species_agefreq
type proportions_at_age
categories some_species
min_age 1
max_age 12 
selectivities One
years 1970:1989
plus_group false
time_step May-August
likelihood multinomial
table obs
1970 0.332416 0.222825 0.149364 0.100122 0.067114 0.044988 0.030156 0.020214 0.01355 0.009083 0.006088 0.004081
1971 0.501756 0.166303 0.111476 0.074725 0.050089 0.033576 0.022507 0.015087 0.010113 0.006779 0.004544 0.003046
1972 0.533527 0.234771 0.077813 0.052159 0.034964 0.023437 0.01571 0.010531 0.007059 0.004732 0.003172 0.002126
1973 0.510606 0.261661 0.11514 0.038162 0.025581 0.017147 0.011494 0.007705 0.005165 0.003462 0.002321 0.001556
1974 0.595459 0.206883 0.106018 0.046652 0.015462 0.010365 0.006948 0.004657 0.003122 0.002093 0.001403 0.00094
1975 0.544728 0.271351 0.094277 0.048312 0.021259 0.007046 0.004723 0.003166 0.002122 0.001423 0.000954 0.000639
1976 0.755933 0.133035 0.06627 0.023025 0.011799 0.005192 0.001721 0.001154 0.000773 0.000518 0.000347 0.000233
1977 0.611598 0.293674 0.051683 0.025745 0.008945 0.004584 0.002017 0.000669 0.000448 3e-04 0.000201 0.000135
1978 0.558727 0.269918 0.129608 0.022809 0.011362 0.003948 0.002023 0.00089 0.000295 0.000198 0.000133 8.9e-05
1979 0.568058 0.241359 0.116599 0.055988 0.009853 0.004908 0.001705 0.000874 0.000385 0.000127 8.5e-05 5.7e-05
1980 0.736464 0.149712 0.06361 0.03073 0.014756 0.002597 0.001294 0.000449 0.00023 0.000101 3.4e-05 2.3e-05
1981 0.617592 0.281636 0.057252 0.024326 0.011752 0.005643 0.000993 0.000495 0.000172 8.8e-05 3.9e-05 1.3e-05
1982 0.812521 0.115787 0.052801 0.010734 0.004561 0.002203 0.001058 0.000186 9.3e-05 3.2e-05 1.7e-05 7e-06
1983 0.674441 0.264525 0.037696 0.01719 0.003494 0.001485 0.000717 0.000344 6.1e-05 3e-05 1e-05 5e-06
1984 0.830445 0.114356 0.044852 0.006392 0.002915 0.000593 0.000252 0.000122 5.8e-05 1e-05 5e-06 2e-06
1985 0.758967 0.200165 0.027563 0.010811 0.001541 0.000703 0.000143 6.1e-05 2.9e-05 1.4e-05 2e-06 1e-06
1986 0.622079 0.28683 0.075646 0.010417 0.004086 0.000582 0.000266 5.4e-05 2.3e-05 1.1e-05 5e-06 1e-06
1987 0.663397 0.209394 0.096548 0.025463 0.003506 0.001375 0.000196 8.9e-05 1.8e-05 8e-06 4e-06 2e-06
1988 0.617919 0.253472 0.080005 0.036889 0.009729 0.00134 0.000525 7.5e-05 3.4e-05 7e-06 3e-06 1e-06
1989 0.559115 0.272432 0.111752 0.035273 0.016264 0.004289 0.000591 0.000232 3.3e-05 1.5e-05 3e-06 1e-06
end_table

table error_values
1970 0
1971 0
1972 0
1973 0
1974 0
1975 0
1976 0
1977 0
1978 0
1979 0
1980 0
1981 0
1982 0
1983 0
1984 0
1985 0
1986 0
1987 0
1988 0
1989 0
end_table
